8.855e-06
8.2169e-05
0.010204
0.0202086
0.0301908
0.0401885
0.0502024
0.0601855
0.0702213
0.0801835
0.090229
0.100225
0.110198
0.120208
0.130205
0.140199
0.150202
0.1602
0.170162
0.180158
0.190228
0.200211
0.210191
0.22019
0.230202
0.240205
0.250204
0.260188
0.270193
0.280148
0.2902
0.300181
0.310189
0.320179
0.33018
0.340197
0.35019
0.360179
0.370187
0.380199
0.390194
0.400199
0.410227
0.420208
0.430204
0.440197
0.450217
0.460222
0.470202
0.480198
0.490204
0.500207
0.510186
0.520186
0.530199
0.540195
0.550194
0.56016
0.570199
0.580203
0.590204
0.600203
0.610205
0.620184
0.630186
0.640173
0.65024
0.660169
0.67017
0.680174
0.69024
0.700221
0.710176
0.720181
0.730195
0.740196
0.750194
0.760201
0.770196
0.780213
0.790207
0.800176
0.810168
0.820139
0.830126
0.840243
0.850237
0.860166
0.870173
0.880224
0.890212
0.900204
0.910179
0.920153
0.930201
0.940196
0.950152
0.960172
0.970141
0.980141
0.990197
1.00017
1.01017
1.02017
1.03017
1.04019
1.05021
1.06018
1.07017
1.0802
1.09023
1.10022
1.11018
1.12014
1.13018
1.1402
1.15019
1.1602
1.17017
1.18021
1.19017
1.20022
1.21017
1.22018
1.23018
1.2402
1.25019
1.26019
1.2702
1.2802
1.29021
1.30018
1.31017
1.32017
1.33027
1.34026
1.35025
1.36017
1.37017
1.38021
1.39021
1.40019
1.4102
1.4202
1.43016
1.44021
1.45019
1.46017
1.47017
1.48024
1.49024
1.50017
1.5102
1.52021
1.5302
1.5402
1.55021
1.5602
1.5702
1.5802
1.5902
1.6002
1.61021
1.62021
1.63021
1.6402
1.65021
1.66017
1.67014
1.68023
1.69023
1.70017
1.71017
1.72018
1.73015
1.74017
1.75014
1.76014
1.77014
1.78018
1.7902
1.80018
1.81018
1.82018
1.83021
1.84018
1.8502
1.86022
1.8702
1.88021
1.8902
1.90018
1.91014
1.92017
1.93018
1.94027
1.95026
1.96017
1.97017
1.98017
1.99023
2.00017
2.01018
2.02017
2.03021
2.04021
2.05021
2.06018
2.0702
2.08018
2.09023
2.10019
2.11017
2.1202
2.13022
2.14021
2.15014
2.16017
2.17018
2.1802
2.19019
2.20019
2.21019
2.2202
2.2302
2.24022
2.25021
2.26021
2.27022
2.28021
2.29016
2.30015
2.31015
2.32018
2.33021
2.34021
2.35021
2.36018
2.37017
2.38017
2.39023
2.40021
2.41018
2.42018
2.43019
2.44015
2.4502
2.46015
2.47021
2.4802
2.4902
2.50021
2.5102
2.5202
2.5302
2.54015
2.55019
2.5602
2.57021
2.58019
2.59016
2.60019
2.61019
2.62019
2.63019
2.6402
2.6502
2.66019
2.6702
2.6802
2.69018
2.70015
2.71018
2.72021
2.73021
2.7402
2.7502
2.7602
2.77022
2.7802
2.79019
2.80018
2.81019
2.8202
2.83019
2.84017
2.8502
2.86018
2.87015
2.88015
2.89021
2.90019
2.91018
2.9202
2.93015
2.9402
2.9502
2.96016
2.9702
2.98021
2.9902
3.0002
3.0102
3.02022
3.03018
3.04018
3.05022
3.06014
3.07017
3.08023
3.09016
3.10023
3.11022
3.1202
3.1302
3.1402
3.15021
3.16021
3.17022
3.18016
3.1902
3.20021
3.21019
3.22019
3.23019
3.24018
3.2502
3.2602
3.2702
3.28021
3.29021
3.3002
3.3102
3.3202
3.3302
3.3402
3.35021
3.36017
3.37022
3.38022
3.39022
3.40017
3.41018
3.42021
3.4302
3.44021
3.45021
3.4602
3.4702
3.4802
3.4902
3.5002
3.51021
3.52016
3.53016
3.5402
3.55021
3.56014
3.57017
3.58021
3.59018
3.60019
3.61021
3.62016
3.6302
3.6402
3.65022
3.66022
3.6702
3.68016
3.69021
3.70019
3.71019
3.7202
3.73021
3.7402
3.75024
3.76017
3.77018
3.78021
3.7902
3.80015
3.81022
3.82021
3.83021
3.84021
3.85021
3.8602
3.8702
3.88021
3.8902
3.90021
3.9102
3.9202
3.93019
3.94022
3.95021
3.96018
3.97018
3.98018
3.9902
4.00014
4.01019
4.0202
4.0302
4.04021
4.05021
4.06021
4.0702
4.08021
4.09021
4.1002
4.11016
4.12015
4.13022
4.14017
4.15022
4.16017
4.17018
4.18021
4.1902
4.20019
4.21019
4.2202
4.23021
4.24015
4.25021
4.26018
4.27019
4.2802
4.2902
4.30021
4.3102
4.3202
4.33021
4.34021
4.35021
4.3602
4.3702
4.38021
4.39019
4.40019
4.41019
4.42017
4.4302
4.44021
4.45021
4.46018
4.4702
4.48019
4.49019
4.5002
4.5102
4.5202
4.5302
4.5402
4.55019
4.5602
4.57019
4.58015
4.5902
4.6002
4.61019
4.62016
4.63016
4.64021
4.65021
4.6602
4.6702
4.68019
4.69015
4.70015
4.7102
4.72015
4.7302
4.74019
4.75019
4.76021
4.77016
4.7802
4.79021
4.8002
4.8102
4.8202
4.8302
4.84018
4.85014
4.86017
4.87017
4.88022
4.89022
4.90018
4.91015
4.92021
4.9302
4.94027
4.95025
4.96017
4.97022
4.98021
4.9902
5.00019
5.01016
5.02017
5.03024
5.04022
5.05014
5.06017
5.07018
5.08019
5.0902
5.10021
5.11017
5.12021
5.13019
5.14021
5.15018
5.16017
5.17021
5.18021
5.19017
5.20021
5.21018
5.22019
5.2302
5.2402
5.25021
5.26021
5.27021
5.2802
5.2902
5.3002
5.31021
5.32021
5.3302
5.34018
5.35017
5.36014
5.37018
5.38021
5.39022
5.40018
5.41018
5.42019
5.43021
5.4402
5.4502
5.46021
5.47021
5.4802
5.4902
5.5002
5.5102
5.5202
5.53018
5.54021
5.55023
5.56017
5.57023
5.58014
5.59022
5.60018
5.61018
5.62019
5.63021
5.64019
5.65021
5.66019
5.6702
5.6802
5.69016
5.70019
5.71019
5.72019
5.7302
5.74022
5.75021
5.76017
5.77018
5.78021
5.79021
5.8002
5.8102
5.82022
5.8302
5.84022
5.85021
5.8602
5.87022
5.88021
5.89021
5.90022
5.9102
5.9202
5.93018
5.94022
5.95022
5.96022
5.97017
5.98021
5.99017
6.00019
6.01021
6.02016
6.03021
6.0402
6.0502
6.06019
6.07019
6.08015
6.0902
6.1002
6.11019
6.1202
6.1302
6.1402
6.1502
6.16019
6.1702
6.18021
6.19021
6.2002
6.21021
6.2202
6.2302
6.24018
6.25018
6.26017
6.27017
6.28017
6.29021
6.30018
6.31018
6.32018
6.33021
6.3402
6.3502
6.36021
6.37021
6.38022
6.39021
6.40017
6.41016
6.42014
6.43023
6.44025
6.45017
6.46017
6.47018
6.4802
6.49019
6.5002
6.51022
6.52016
6.53022
6.5402
6.55019
6.56018
6.57017
6.58021
6.59021
6.60017
6.61019
6.62019
6.6302
6.64021
6.65019
6.6602
6.6702
6.68022
6.6902
6.70021
6.71021
6.72022
6.7302
6.7402
6.75022
6.76017
6.77017
6.78022
6.79017
6.80018
6.81018
6.82018
6.83021
6.84021
6.85021
6.8602
6.8702
6.88021
6.89019
6.90015
6.91014
6.92023
6.93023
6.94022
6.9502
6.96022
6.9702
6.98019
6.99021
7.00021
7.0102
7.02021
7.03021
7.04019
7.05022
7.06017
7.07017
7.0802
7.09021
7.10018
7.11017
7.12018
7.13017
7.1402
7.15019
7.16018
7.17016
7.18016
7.19021
7.2002
7.21016
7.22021
7.23015
7.2402
7.25021
7.26017
7.27017
7.28021
7.29022
7.30018
7.31017
7.32018
7.33022
7.34017
7.35021
7.36019
7.37017
7.38017
7.39023
7.40021
7.41017
7.42019
7.43018
7.4402
7.4502
7.46019
7.47018
7.4802
7.49021
7.50018
7.51018
7.52028
7.53017
7.54025
7.55023
7.56017
7.57018
7.58021
7.59018
7.6002
7.61015
7.62021
7.63016
7.6402
7.65021
7.66017
7.67021
7.6802
7.69021
7.70021
7.7102
7.72019
7.73018
7.74022
7.75017
7.76014
7.77015
7.78022
7.79021
7.8002
7.81019
7.8202
7.83021
7.84021
7.85016
7.8602
7.8702
7.88021
7.8902
7.9002
7.91019
7.92019
7.93018
7.94022
7.95022
7.96017
7.97018
7.98021
7.9902
8.00019
8.0102
8.02021
8.0302
8.04021
8.0502
8.06018
8.07017
8.08024
8.09023
8.10017
8.11017
8.12021
8.13023
8.14022
8.15019
8.16018
8.1702
8.18025
8.19019
8.20019
8.21019
8.22019
8.2302
8.24019
8.25021
8.26018
8.27019
8.28021
8.29021
8.30018
8.31018
8.32017
8.33017
8.34026
8.35024
8.36017
8.37017
8.38022
8.39017
8.40023
8.41017
8.42018
8.4302
8.44019
8.4502
8.46016
8.47021
8.4802
8.4902
8.50021
8.5102
8.5202
8.5302
8.54021
8.55021
8.56018
8.57017
8.58017
8.59014
8.60017
8.61018
8.62019
8.63019
8.64019
8.6502
8.6602
8.67021
8.68018
8.6902
8.7002
8.71015
8.7202
8.73019
8.74018
8.75022
8.76017
8.77017
8.78014
8.79021
8.80019
8.81015
8.8202
8.83021
8.84021
8.85021
8.86021
8.8702
8.88016
8.89021
8.90019
8.91018
8.92018
8.93022
8.94022
8.95022
8.96014
8.97018
8.98017
8.9902
9.0002
9.0102
9.02021
9.0302
9.0402
9.0502
9.06018
9.07018
9.08021
9.09022
9.10017
9.11018
9.12018
9.13019
9.14021
9.1502
9.16022
9.1702
9.1802
9.19014
9.20015
9.21017
9.22017
9.23017
9.24017
9.25018
9.26017
9.27017
9.28023
9.29022
9.30018
9.31018
9.32018
9.33025
9.34014
9.35021
9.36018
9.37018
9.38021
9.3902
9.4002
9.4102
9.4202
9.43019
9.4402
9.45021
9.46014
9.47015
9.48021
9.49021
9.50018
9.51018
9.5202
9.53019
9.5402
9.55021
9.56019
9.5702
9.58021
9.5902
9.6002
9.61021
9.62022
9.63021
9.64019
9.65022
9.66017
9.67018
9.68022
9.69022
9.70014
9.71018
9.72018
9.73021
9.74021
9.7502
9.7602
9.77021
9.78016
9.79021
9.8002
9.8102
9.82022
9.8302
9.8402
9.85022
9.86017
9.87018
9.88022
9.89021
9.90014
9.91018
9.92017
9.93018
9.94021
9.95019
9.96021
9.97016
9.98021
9.9902
10.0002
10.0102
10.0202
10.0302
10.0402
10.0502
10.0602
10.0702
10.0802
10.0902
10.1001
10.1102
10.1202
10.1302
10.1402
10.1502
10.1602
10.1702
10.1802
10.1902
10.2002
10.2102
10.2202
10.2302
10.2402
10.2502
10.2602
10.2702
10.2802
10.2902
10.3002
10.3102
10.3202
10.3302
10.3402
10.3502
10.3602
10.3702
10.3802
10.3902
10.4002
10.4102
10.4202
10.4302
10.4402
10.4502
10.4602
10.4702
10.4802
10.4902
10.5002
10.5102
10.5202
10.5302
10.5402
10.5502
10.5602
10.5702
10.5802
10.5902
10.6002
10.6102
10.6202
10.6302
10.6402
10.6502
10.6602
10.6702
10.6802
10.6902
10.7002
